2.3666666666666667
3.3333333333333335
2.45
2.45
3.6833333333333336
3.716666666666667
3.25
3.9166666666666665
3.15
2.216666666666667
3.05
3.0166666666666666
3.6666666666666665
3.0
3.7
3.2166666666666663
2.5166666666666666
3.1
2.6166666666666667
3.15
2.2666666666666666
3.7
3.0833333333333335
2.5
2.6
3.8
2.8
2.4
2.8
2.033333333333333
2.45
3.6
3.583333333333333
3.05
3.0166666666666666
2.85
3.2
2.85
2.45
3.4333333333333336
2.35
3.3166666666666664
3.05
3.3833333333333333
2.4833333333333334
3.9333333333333336
3.3666666666666667
3.6
2.533333333333333
3.05
2.8666666666666667
3.7666666666666666
2.05
2.8166666666666664
2.966666666666667
3.25
2.3333333333333335
3.5666666666666664
3.3833333333333333
2.05
2.7
2.0
2.466666666666667
2.2666666666666666
3.2666666666666666
2.1666666666666665
2.8333333333333335
3.5666666666666664
3.8166666666666664
3.2666666666666666
2.6333333333333333
3.183333333333333
2.283333333333333
3.55
2.25
3.6
2.1
3.8833333333333333
3.3833333333333333
2.533333333333333
2.85
2.3333333333333335
3.0
3.966666666666667
2.3166666666666664
3.7666666666666666
3.25
2.9
3.6666666666666665
2.3333333333333335
3.15
2.3333333333333335
2.783333333333333
2.716666666666667
2.933333333333333
2.6666666666666665
3.9833333333333334
2.3666666666666667
2.65
3.3333333333333335
2.5166666666666666
3.316666666666667
2.3166666666666664
2.683333333333333
3.7333333333333334
3.7
3.0
3.6666666666666665
2.0166666666666666
2.3166666666666664
3.783333333333333
3.083333333333333
3.9
2.2333333333333334
3.6
2.3333333333333335
3.033333333333333
3.6833333333333336
2.65
2.2666666666666666
1.4166666666666667
0.25
1.2
1.1166666666666667
0.0
1.1333333333333333
1.1333333333333333
1.2833333333333332
1.2
2.4833333333333334
0.44999999999999996
0.30000000000000004
1.3333333333333335
6.116666666666667
2.3833333333333333
4.266666666666667
1.25
1.1666666666666665
0.4333333333333333
2.083333333333333
0.26666666666666666
2.1333333333333333
0.19999999999999996
0.033333333333333326
0.2
0.5
1.4166666666666665
1.1
0.45
1.3833333333333333
1.2333333333333334
0.4833333333333333
1.4833333333333334
1.3166666666666667
0.4333333333333333
0.06666666666666665
0.36666666666666664
1.0166666666666666
0.43333333333333335
1.45
0.1166666666666667
1.0333333333333334
1.2333333333333334
0.3833333333333333
2.1333333333333333
0.04999999999999999
0.21666666666666667
1.4333333333333333
1.2
1.3
0.49999999999999994
0.13333333333333333
1.35
1.0166666666666666
1.5
1.2999999999999998
0.21666666666666667
1.1
0.10000000000000003
0.5
1.2333333333333334
0.19999999999999996
1.05
0.4
0.31666666666666665
1.4833333333333334
1.4666666666666668
1.3166666666666667
0.2666666666666666
4.033333333333333
1.1333333333333333
0.33333333333333326
1.0666666666666667
1.1166666666666667
0.2833333333333333
1.2333333333333334
1.3333333333333335
0.16666666666666663
1.05
0.20000000000000007
1.4166666666666667
1.1833333333333333
1.0166666666666666
1.3666666666666667
2.283333333333333
0.016666666666666663
1.4333333333333333
0.11666666666666664
2.4333333333333336
1.4
0.43333333333333335
0.3666666666666667
1.3833333333333333
0.18333333333333335
1.0666666666666667
0.08333333333333337
1.1166666666666667
1.0166666666666666
0.23333333333333334
0.31666666666666665
2.333333333333333
2.3666666666666667
1.1
0.48333333333333334
0.11666666666666659
0.10000000000000003
0.0
1.3666666666666667
1.0666666666666667
1.2000000000000002
1.5
4.35
1.2
0.1166666666666667
0.16666666666666666
1.35
1.4833333333333334
1.05
2.2333333333333334
1.3
2.3000000000000003
1.0166666666666666
0.0
0.16666666666666663
1.3
1.0833333333333335
1.3
1.0
0.3333333333333333
0.5
1.3833333333333333
2.283333333333333
1.35
1.15
0.3666666666666667
2.2333333333333334
1.4666666666666668
1.0166666666666666
1.1333333333333333
0.01666666666666672
0.25
0.43333333333333335
2.0833333333333335
2.4333333333333336
1.1333333333333333
1.4
0.21666666666666667
0.21666666666666667
2.35
1.3666666666666667
1.0666666666666667
1.0833333333333335
0.23333333333333336
1.3333333333333335
0.25
1.0333333333333332
3.1
1.1333333333333333
0.3833333333333333
0.050000000000000044
0.4333333333333333
0.3
3.2333333333333334
3.1166666666666667
2.15
0.08333333333333337
1.3
1.0
1.5
1.0166666666666666
1.1666666666666667
2.466666666666667
0.18333333333333335
0.3666666666666666
1.3666666666666667
1.4500000000000002
0.28333333333333327
1.45
0.016666666666666607
1.0666666666666667
1.4333333333333333
0.30000000000000004
0.2666666666666667
0.11666666666666664
1.35
0.45000000000000007
3.0833333333333335
1.25
0.3833333333333333
0.06666666666666665
1.0666666666666669
1.3
1.15
1.5
2.45
0.4666666666666667
0.16666666666666666
2.466666666666667
2.1333333333333333
2.4333333333333336
0.06666666666666665
2.2
0.21666666666666667
1.25
1.2666666666666666
1.5
0.033333333333333326
0.31666666666666665
1.4
1.2666666666666666
0.08333333333333337
0.4
1.3166666666666667
2.45
0.39999999999999997
0.0
1.0333333333333332
1.45
1.2
0.06666666666666671
1.3333333333333335
0.29999999999999993
0.30000000000000004
1.2999999999999998
1.3
1.0333333333333332
1.0833333333333335
1.1333333333333333
1.3833333333333333
3.1333333333333333
0.016666666666666663
5.183333333333334
0.16666666666666669
1.2166666666666668
0.23333333333333328
1.2
1.0833333333333333
1.2333333333333334
6.166666666666667
0.35
0.11666666666666668
1.1
2.4833333333333334
1.0333333333333332
0.2833333333333333
1.2833333333333332
5.366666666666666
0.31666666666666665
0.33333333333333337
1.3666666666666667
1.2166666666666668
2.1
0.14999999999999997
1.4166666666666667
1.0833333333333333
1.2833333333333332
1.3166666666666667
0.23333333333333328
0.18333333333333332
0.2666666666666666
2.466666666666667
2.1833333333333336
0.016666666666666607
0.4833333333333334
0.33333333333333326
1.0666666666666667
0.35
1.4833333333333334
1.45
1.0666666666666667
1.1333333333333333
0.5
1.5
1.3833333333333333
2.1666666666666665
0.26666666666666666
1.0
0.25
1.2166666666666666
1.1666666666666667
1.1833333333333333
1.25
1.4333333333333333
0.16666666666666669
0.11666666666666659
1.1833333333333333
1.3333333333333335
0.0
1.0333333333333332
1.4333333333333333
0.09999999999999999
1.0666666666666667
1.5
1.4833333333333334
0.3166666666666666
1.15
1.1666666666666665
1.3833333333333333
1.45
2.1
0.016666666666666663
1.4333333333333333
0.13333333333333333
2.3833333333333333
1.1666666666666667
6.25
1.2
1.2333333333333334
0.0
1.3833333333333333
1.15
0.10000000000000003
2.4166666666666665
0.08333333333333337
1.45
2.0666666666666664
0.1166666666666667
1.0
1.4166666666666665
1.0166666666666666
0.06666666666666665
1.2833333333333332
6.283333333333333
1.1333333333333333
1.3166666666666667
1.3166666666666667
0.3666666666666667
0.21666666666666667
1.2833333333333332
2.15
1.45
1.3666666666666667
1.3833333333333333
1.05
0.2666666666666667
1.15
1.0166666666666666
2.3666666666666667
0.1166666666666667
1.1666666666666665
0.33333333333333326
1.4833333333333334
2.1
0.4833333333333334
2.283333333333333
0.08333333333333331
0.28333333333333327
0.2833333333333333
0.30000000000000004
1.3666666666666667
2.0833333333333335
1.4166666666666667
1.0166666666666666
4.4
1.4666666666666668
0.3833333333333333
1.1666666666666667
0.13333333333333341
2.1666666666666665
3.05
0.06666666666666667
1.4833333333333334
0.4
1.0666666666666667
1.2666666666666666
1.1
0.41666666666666663
2.333333333333333
1.35
1.2166666666666668
1.25
4.25
0.39999999999999997
1.2
0.44999999999999996
2.4
0.4
0.25000000000000006
2.1833333333333336
0.18333333333333335
1.2
0.3833333333333333
1.3166666666666667
0.23333333333333334
0.3833333333333333
1.1833333333333333
0.033333333333333354
0.033333333333333326
1.0
1.3166666666666667
0.4833333333333334
0.18333333333333335
0.31666666666666665
1.5
0.5
0.2833333333333333
1.1
1.1333333333333333
4.416666666666667
0.3833333333333333
2.466666666666667
2.4
0.4166666666666667
0.4
1.4166666666666667
1.4333333333333333
3.083333333333333
1.2666666666666666
1.1666666666666667
1.2166666666666668
0.3833333333333334
0.0
3.4166666666666665
1.2666666666666666
1.3833333333333333
0.3833333333333334
0.18333333333333335
0.2666666666666667
0.033333333333333326
0.033333333333333326
0.2333333333333334
0.23333333333333334
0.45
0.050000000000000044
1.2
1.0833333333333333
0.4666666666666667
0.33333333333333337
1.4333333333333333
1.2166666666666668
1.1333333333333333
0.5
1.4333333333333333
0.2
0.3166666666666667
1.5
0.25
1.1666666666666667
1.15
0.20000000000000007
1.2833333333333334
1.0166666666666666
3.25
0.45
6.283333333333333
1.4666666666666666
0.25
0.18333333333333332
0.2833333333333333
1.15
1.45
6.0
5.2
0.5
0.25000000000000006
1.1333333333333333
3.3666666666666667
1.4166666666666667
0.15000000000000002
0.16666666666666674
0.39999999999999997
0.21666666666666656
0.25000000000000006
2.0166666666666666
1.4333333333333336
0.4666666666666667
0.4833333333333334
6.0
1.0333333333333332
0.33333333333333337
2.3833333333333333
0.16666666666666666
0.016666666666666663
0.3833333333333333
0.25
0.23333333333333328
1.1666666666666667
0.01666666666666672
0.1166666666666667
1.2666666666666666
5.283333333333333
6.383333333333334
1.4500000000000002
0.016666666666666663
1.2000000000000002
1.1666666666666665
1.1166666666666667
1.25
0.4833333333333333
1.3666666666666667
0.3666666666666667
0.2666666666666667
1.4333333333333333
1.4666666666666668
1.3
0.15
0.033333333333333326
1.0333333333333332
1.4166666666666667
2.066666666666667
1.3666666666666667
0.3833333333333333
6.333333333333334
0.44999999999999996
1.4333333333333333
1.45
0.2833333333333333
2.0
2.3666666666666667
1.2
0.35
2.35
0.050000000000000044
0.3333333333333333
2.1166666666666667
0.5
1.2166666666666668
1.4333333333333333
1.35
0.38333333333333336
0.35
1.2666666666666666
1.4166666666666667
2.4
1.3166666666666669
0.0
0.21666666666666667
6.216666666666667
1.2166666666666668
0.21666666666666673
5.033333333333333
1.1333333333333333
0.4666666666666666
5.0
1.4833333333333334
0.18333333333333335
0.3666666666666667
1.4
0.15000000000000002
0.18333333333333335
0.43333333333333335
0.06666666666666665
1.2166666666666666
1.1833333333333333
1.1
1.1166666666666667
0.4333333333333334
0.21666666666666667
0.09999999999999998
0.30000000000000004
6.3999999999999995
0.2833333333333333
0.0
0.3
1.3
1.3166666666666667
1.1333333333333333
1.3333333333333333
1.0166666666666666
0.48333333333333334
0.4666666666666667
0.3500000000000001
1.3166666666666667
1.5
0.24999999999999994
3.4166666666666665
0.16666666666666666
0.2666666666666666
0.0
1.2333333333333334
2.166666666666667
1.0166666666666666
0.4666666666666667
0.06666666666666668
1.15
0.13333333333333341
1.4333333333333333
1.2833333333333332
2.3666666666666667
1.3333333333333333
1.3166666666666667
0.4166666666666667
2.4
0.06666666666666665
1.3166666666666667
1.4
0.33333333333333337
0.06666666666666671
1.05
1.1166666666666667
1.4
0.31666666666666665
1.3666666666666667
1.5
0.033333333333333326
0.06666666666666665
0.38333333333333336
1.3833333333333333
0.1833333333333333
1.1166666666666667
0.35
0.4666666666666667
2.15
0.2833333333333333
1.0
1.1
1.5
1.3
0.3833333333333333
0.15000000000000002
0.11666666666666659
1.4166666666666665
3.2
2.45
1.4
0.5
1.3
1.0333333333333332
1.3666666666666667
0.16666666666666663
1.3
1.4333333333333333
1.1833333333333333
1.1833333333333333
0.30000000000000004
1.15
1.1833333333333333
1.1333333333333333
1.2333333333333334
1.2666666666666666
2.3833333333333333
2.4833333333333334
0.35
0.41666666666666663
0.36666666666666664
0.28333333333333327
1.1666666666666665
0.21666666666666667
1.2833333333333332
1.2000000000000002
0.28333333333333344
2.1
0.36666666666666664
0.06666666666666671
1.1
1.4666666666666666
1.5
1.3333333333333335
1.2833333333333332
1.1666666666666667
0.19999999999999996
1.1
1.3333333333333333
1.0666666666666667
0.43333333333333335
1.1333333333333333
0.25
1.45
2.3833333333333333
3.3666666666666667
1.0833333333333333
0.06666666666666667
2.4333333333333336
0.26666666666666666
0.5
0.25
1.0333333333333332
1.1833333333333333
1.15
4.4
2.216666666666667
0.08333333333333326
0.4833333333333333
5.3
1.3166666666666667
1.3833333333333333
0.2333333333333334
0.18333333333333335
1.4666666666666668
1.0333333333333332
1.1666666666666667
1.45
0.5
1.4666666666666668
0.23333333333333328
1.4666666666666668
0.18333333333333324
0.30000000000000004
1.2833333333333332
1.1166666666666667
2.283333333333333
1.1333333333333333
2.4
0.06666666666666667
0.13333333333333333
2.083333333333333
5.483333333333333
0.18333333333333335
1.4
1.1666666666666667
0.3166666666666667
1.0833333333333333
0.15000000000000002
0.4666666666666666
0.0
0.06666666666666668
1.4833333333333334
1.3333333333333333
0.2833333333333333
0.21666666666666673
0.4833333333333333
1.1333333333333333
1.0
1.45
0.06666666666666667
1.2833333333333332
1.45
1.2
0.19999999999999996
0.10000000000000003
5.1
0.31666666666666665
1.3666666666666667
1.1166666666666667
0.21666666666666679
1.45
0.2666666666666667
0.3
0.4000000000000001
1.15
1.35
1.2166666666666666
0.30000000000000004
2.0666666666666664
2.283333333333333
0.04999999999999999
1.3333333333333335
3.5
5.4
0.3666666666666667
0.35
1.1833333333333333
2.4166666666666665
2.4
0.08333333333333337
0.033333333333333326
1.3833333333333333
0.3333333333333333
2.05
1.4666666666666668
1.5
0.0
1.3666666666666667
0.3999999999999999
1.1166666666666667
1.4166666666666667
0.2833333333333333
0.44999999999999996
2.25
1.45
0.0
1.4666666666666668
1.2333333333333334
2.216666666666667
1.0666666666666667
1.4666666666666668
0.0
0.29999999999999993
0.06666666666666665
0.4833333333333333
0.2333333333333334
1.2166666666666666
0.25
1.4333333333333333
0.033333333333333326
0.41666666666666674
2.1166666666666667
6.066666666666666
0.25
1.1
0.06666666666666671
0.21666666666666665
1.4833333333333334
0.03333333333333333
1.1166666666666667
2.0666666666666664
0.3666666666666666
2.15
1.4833333333333334
1.2166666666666668
0.23333333333333328
1.4166666666666667
0.0
1.2666666666666666
1.0166666666666666
1.05
2.066666666666667
4.083333333333333
0.45
1.25
1.4
0.08333333333333337
1.15
0.21666666666666667
5.183333333333334
0.0
1.15
1.4
5.166666666666667
1.1666666666666665
3.1666666666666665
1.4500000000000002
0.0
5.283333333333333
1.15
0.20000000000000007
1.2
1.15
2.2666666666666666
1.4
0.4833333333333333
0.5
0.21666666666666667
0.1166666666666667
1.0
1.0833333333333335
0.10000000000000003
4.466666666666667
1.4833333333333334
1.3833333333333333
0.3833333333333333
2.3
1.4166666666666667
1.0
0.05000000000000002
0.1166666666666667
1.3
0.2833333333333333
5.216666666666667
0.31666666666666665
0.30000000000000004
0.5
1.0666666666666667
0.0
0.43333333333333335
2.1
0.033333333333333326
1.0333333333333332
1.05
0.25000000000000006
0.4666666666666667
1.4333333333333333
2.0833333333333335
2.1
1.2833333333333332
0.09999999999999998
2.25
1.35
3.05
1.3666666666666667
0.2666666666666667
2.3833333333333333
0.3666666666666667
0.06666666666666667
1.05
0.016666666666666607
0.4
0.1
6.133333333333333
1.35
0.4666666666666667
0.050000000000000044
1.2999999999999998
0.43333333333333324
1.0
2.1666666666666665
1.0333333333333334
0.15
0.11666666666666667
1.45
2.3333333333333335
0.18333333333333335
2.35
0.016666666666666677
0.01666666666666672
1.4833333333333334
1.0333333333333332
0.08333333333333337
0.2833333333333333
0.3666666666666667
0.15
0.25
0.23333333333333334
0.3666666666666666
2.216666666666667
0.4666666666666667
1.0833333333333333
0.21666666666666667
1.25
1.1666666666666667
2.333333333333333
0.0
1.2833333333333332
0.08333333333333334
0.45000000000000007
0.13333333333333333
0.21666666666666667
2.15
0.29999999999999993
1.2166666666666668
0.30000000000000004
0.3833333333333334
0.2833333333333333
2.0833333333333335
2.083333333333333
1.5
0.3666666666666667
1.2166666666666668
0.1333333333333333
0.25
2.0666666666666664
5.0
0.033333333333333326
1.3333333333333333
1.05
1.0333333333333332
0.16666666666666669
0.4833333333333333
0.3833333333333333
1.3666666666666667
3.5
1.0333333333333332
1.2
2.45
0.18333333333333332
0.2833333333333333
1.2
1.3333333333333335
0.06666666666666665
0.2666666666666667
1.0666666666666667
1.3833333333333333
0.016666666666666663
0.4833333333333333
0.5
0.43333333333333335
4.3
0.3166666666666667
1.0333333333333332
0.04999999999999999
1.3666666666666667
2.3166666666666664
0.4
1.0333333333333334
0.06666666666666671
1.4833333333333334
1.2
0.25
0.18333333333333335
0.15
1.0333333333333332
0.23333333333333328
2.4166666666666665
0.33333333333333326
0.033333333333333326
1.1833333333333333
1.25
0.06666666666666671
1.3333333333333333
1.0499999999999998
2.416666666666667
0.18333333333333335
0.26666666666666666
1.4666666666666668
1.15
0.43333333333333335
1.3666666666666667
0.050000000000000044
1.2
0.3833333333333333
4.433333333333334
2.1333333333333333
0.016666666666666663
6.35
0.15
1.2333333333333334
1.1
0.09999999999999998
1.3166666666666667
0.3833333333333334
5.066666666666666
0.4666666666666667
1.35
0.06666666666666667
1.3
0.06666666666666665
1.0
0.4833333333333334
0.4166666666666667
2.1666666666666665
1.0499999999999998
1.0
6.233333333333333
0.5
1.0333333333333334
1.1166666666666667
1.2
2.216666666666667
1.5
1.1
0.0
1.35
0.4666666666666667
5.016666666666667
0.25
1.3166666666666667
2.4000000000000004
0.4833333333333334
0.11666666666666667
1.3166666666666667
0.15
0.5
1.05
0.21666666666666667
1.35
0.23333333333333334
0.0
1.2333333333333334
0.5
0.05
1.1166666666666667
0.09999999999999998
0.5
0.15000000000000002
0.21666666666666667
1.3333333333333333
0.06666666666666676
0.39999999999999997
0.5
0.1333333333333333
0.30000000000000004
0.4666666666666666
0.0
0.41666666666666663
0.0
1.0499999999999998
1.1833333333333333
1.0166666666666666
1.5
1.2166666666666668
0.09999999999999998
1.2333333333333334
0.31666666666666665
0.5
4.066666666666666
0.45
1.45
2.0166666666666666
0.2666666666666667
6.1
5.283333333333333
1.0499999999999998
0.2
0.0
0.4666666666666667
0.0
1.2666666666666666
5.466666666666667
1.4
0.06666666666666665
0.0
1.15
0.2833333333333333
1.2833333333333332
1.4666666666666668
3.1166666666666667
0.2666666666666667
1.0333333333333332
2.416666666666667
1.1333333333333333
1.0499999999999998
1.1833333333333333
2.0
2.1166666666666667
0.28333333333333327
0.31666666666666665
0.0
0.08333333333333337
1.1
5.116666666666666
0.3666666666666667
0.16666666666666674
0.2833333333333333
0.050000000000000044
1.5
0.21666666666666667
1.1333333333333333
2.25
0.3833333333333334
0.18333333333333335
0.033333333333333326
0.2666666666666666
2.033333333333333
0.0
2.0166666666666666
1.4333333333333333
2.2666666666666666
1.1166666666666667
0.2833333333333333
1.2166666666666668
1.4833333333333334
6.0
1.3166666666666667
0.1333333333333333
0.4833333333333333
1.15
1.2833333333333334
0.04999999999999993
1.35
0.4666666666666666
0.21666666666666667
0.48333333333333334
3.4
0.11666666666666659
1.3833333333333333
5.4
0.31666666666666665
0.0
1.25
0.16666666666666663
1.1166666666666667
0.4666666666666667
1.2833333333333334
0.08333333333333326
1.0333333333333332
2.05
0.2666666666666666
0.31666666666666665
2.216666666666667
1.4
1.1333333333333333
1.05
0.15000000000000002
0.23333333333333334
2.0666666666666664
0.4833333333333334
1.2833333333333332
0.15
1.0666666666666667
1.2666666666666666
0.4
2.0833333333333335
0.08333333333333333
2.0666666666666664
4.033333333333333
1.5
2.1333333333333333
0.21666666666666667
0.09999999999999998
1.3666666666666667
1.2333333333333334
1.2166666666666668
1.5
2.3666666666666667
1.4166666666666667
0.31666666666666665
0.29999999999999993
1.4
2.45
2.3166666666666664
0.3666666666666667
1.0833333333333333
1.0833333333333333
0.2666666666666666
1.2833333333333332
0.43333333333333335
1.2666666666666666
1.15
1.0
0.25
0.44999999999999996
1.0166666666666666
1.1666666666666665
1.1166666666666667
0.20000000000000007
0.0
1.0
0.29999999999999993
2.1166666666666667
0.2833333333333333
1.3166666666666667
0.09999999999999998
1.5
