4005.3883626066786
4006.1420839138996
3962.791802840578
3987.7555202254666
4002.9952660128984
3967.594050336855
3998.238439601879
3976.068365752754
3969.8640797793573
4004.887398373707
3921.7195480023634
3965.284061141795
3930.0461322840424
3913.006057856358
3969.725765389184
4001.3353213428354
3943.7068808845825
3971.818617302786
3983.546070991774
3958.1977065297947
3978.0160105320733
3918.9865386783695
3998.73409896664
3869.7610284489933
3940.9292265970307
3951.9896901041784
3901.870679520036
3947.896660057589
3960.6695293221155
3949.544680571029
4004.291159297515
3959.1013634515216
3992.1521570821424
3927.147423409068
3954.987808358833
3932.5276357207426
3981.3556132297404
3955.169893876195
3935.220314383302
3923.5703274907905
3988.1516226916983
3964.047795988107
4017.646248550591
3986.2545392613674
3984.1156515269176
3879.3398755217704
3970.7658551307886
3938.7280935999624
3973.619525589816
3972.2599242107754
