204.92001197922545
34.99750110852346
224.10615498760285
48.63791669030645
45.60345496102751
68.53131462329391
97.09085287289143
110.11709821351305
283.5908589472291
114.7396786271043
83.78626481882034
92.56851199255078
98.96412289211409
59.16955465591929
98.96907697019229
183.46344143091207
116.68769182736885
64.31305418020294
142.44169853936137
85.5258489438935
187.5107024492167
66.31607577532422
60.927985470833015
126.62369172185912
235.04345281671996
85.96106084006463
49.56648870459589
96.1070941831474
143.32431220263666
106.58199658826739
40.422152107314496
91.04016838126437
71.97452731916454
109.23140794786552
192.31007922092383
47.47591953210413
107.55196555857962
108.68213021182596
62.33961679202242
66.39516172831375
89.48183258948444
76.55267793141545
254.82271438877245
87.86842353249259
86.13327083696089
79.52889336448989
86.14900091060134
211.20676307771518
180.45342576163367
99.65495006266602
