441.43658283780553
54.79063681204161
282.26663706311007
453.1259675257576
240.37928197602295
391.5934489473568
363.62791299461793
353.51957001263764
379.3887971830565
413.1732523236922
334.6370434105694
352.1872975901166
414.604667598678
417.38070807066225
385.2532107789457
442.2317169475879
407.37393236292155
351.92455200197384
368.66229507089946
377.34964660253723
329.454855978723
349.4820981690807
363.8504964038028
453.8876541921229
299.54524396220773
404.3592501655086
394.2167243594524
401.1893847735132
407.0888553493484
429.33158116811376
562.6223786902575
431.54283000567955
301.8289494978688
405.4844801020406
317.7618801974284
274.4052599232684
387.78376436496535
355.3261335408868
308.89362839868994
307.77001771938944
501.6047393832932
401.5626272295462
418.4604660521603
335.45156785731905
331.87359813781325
401.9710858570303
363.3047722058269
467.55227594814903
289.0311515383605
371.16395968025483
