147.67285187609895
85.49614033452447
112.67397239048412
81.1228369157916
86.83352571484615
65.92309469522803
127.29896422138121
138.87870072110195
203.51881974578964
53.76773404488614
82.2967093057417
75.95982242288001
47.6371687965328
112.80459845441233
51.17355970038024
75.72320591254567
162.71377236843043
126.03425946748708
165.70463575312317
140.71428107876517
210.72717979026396
48.790189965635314
227.02711200384294
71.05082504543314
129.87563544765825
49.93840635997694
122.4799403926545
98.71048611567403
247.2703959795238
48.28467044885492
88.49226102301974
86.47521858430501
133.84711253871512
66.32276777500586
155.61354845038994
222.53069358763292
111.60563306522063
43.73952748023248
101.86402033872655
36.59048746763117
51.274995563839894
171.5024859741778
132.55346415235394
95.41350496340365
80.90341221571576
129.52747956175003
70.20065578401068
109.88833456210179
128.90352559665226
63.14019474847732
