3942.8422027591573
3961.4025091903222
3989.9565808520156
3950.310846117744
3923.3243702133186
3976.450384898291
3967.979320420421
3961.2044409560153
3929.0680603366895
3970.802361828539
3966.659913798488
3978.479381203802
3926.3020435608905
3913.900120894786
3943.1286119918186
3979.941224925175
3951.378237841002
3944.1545336364793
3935.8958787924707
3967.3559015568294
3994.5476774845074
3958.6376975089274
3918.4480517220836
3979.677906253968
3985.5050260636635
3967.768555449468
3956.838198782271
3974.7509572169506
3961.313738662312
3961.795950876475
3967.829007267328
3981.864268219255
3951.5013806631237
3942.0711336654817
3988.5776013670366
3992.760328779623
3980.994544790165
3982.8191088451335
3961.586518518202
3945.8031753497294
3941.4563254763766
3923.290325680606
3978.6158862015714
3942.097807920093
3992.7743716105647
3904.177580061068
3923.2604825807966
3984.1990117382256
3976.4533850530324
3953.0936351114733
