200.42508744745697
32.982160709523576
42.62896939910712
84.16987100899004
39.112689551178754
31.46893323872049
60.09114185491392
40.94363264139924
56.86327454227257
80.94942465847038
88.2661307962565
73.80119723483377
42.70522159886461
33.96915903208
25.972990867357005
49.166195855628935
92.03961980191242
85.61011777779335
76.73462192385149
22.966838019429645
125.14179522588461
59.69661770386265
25.9423337582509
31.747756943591085
38.62559254658481
109.00991568870413
23.19261733962596
95.92383018806962
45.45222931675082
39.01443846540303
40.776236193445314
37.28005223863275
158.82139495223532
57.34105467961411
30.119806500518422
45.879585352120756
35.43359703623538
77.13563238564824
50.493150782607806
103.20579166720019
97.30002993189153
33.06087722085476
101.99432380776797
80.72697702495104
27.286606922485923
46.873883539162364
48.21464391139705
46.35635568261055
26.418385608417424
34.53197823401621
43.38071093542144
100.33413105434128
54.543456834593364
29.768254963228706
48.5379034243618
63.92095334959589
39.91679676248105
58.882637084834805
33.89013661202265
43.128284622557274
104.88286799921622
25.794291999339965
38.40329792905846
24.838911363803124
53.63459501360458
72.11639843197666
26.16158027216405
29.3054399953752
59.43089043531205
38.15850105263596
70.58164663642016
30.94833913951078
66.87585898091127
37.66610211582135
33.98323775702285
67.04761577688443
46.94095625154336
53.252748305415494
43.78269346379555
103.18381972553516
98.9921470285256
31.810158506000416
26.582022383605814
28.97529910576339
55.588202918007724
33.76144826299555
56.05948677270284
25.493495234536255
22.84413797902459
40.98642008279474
119.26832755031994
106.43674204547395
77.60477893449166
67.48321153789824
107.5366057326459
24.424236888368675
69.53795398571432
44.82770020766732
51.28321564177378
30.866787950349753
