94.19619001147507
110.26530470146177
43.39520170768229
109.50060881510082
124.89103653205979
86.91970113059352
70.93919380981221
70.91700222286437
148.8207805029704
39.33687081275804
91.13280656383678
41.87320940945153
58.074100998872254
143.31574647957032
130.51242078867273
37.45637758465894
182.05657678246692
168.84648149829155
129.58595623892967
79.19074541834941
49.781129114541926
103.18074241317589
133.99226162930879
34.68986428498415
34.49710019861691
96.66709612993078
54.05261172238178
76.57652470020382
130.9228448290534
95.03054499478766
57.864668910655624
43.26412222604357
95.55049448464166
73.2561525983855
75.64208043816515
32.07945002591655
59.83421169521537
51.28624662136019
91.7990105095784
191.89220872818726
101.86775399493573
190.01380986391803
37.77837858429962
153.7927482919022
79.81632663606878
219.95995405654193
145.3147883128464
45.408500350062496
66.20009580774548
87.87876182280598
