504.405378128942
447.7517303243417
502.0839436076582
456.3766886642889
610.8151553771344
446.7210254192869
349.32908817484525
653.0746274730016
445.4727111928966
573.3252957593305
440.18934947597165
443.92789209083463
416.9242797073497
540.1561811822295
482.354339075449
295.11365466117525
391.2873187117339
489.47750930232866
349.0567323838784
579.8818016245507
476.42232706607797
455.20017375082307
474.037179118309
495.2540002150572
457.4761596341689
484.2740618671025
384.388225416279
548.2977202386028
386.9783290215307
375.43865355898595
416.78273219483367
454.06439812999
440.29227822551155
450.9115115562827
493.6274486396152
313.4021915242057
477.6620381649339
612.1255063020632
562.2073387644082
574.6589600017585
401.7658230694759
599.4006494651603
422.4918791098656
495.49326012080905
372.159663909918
499.6049265856612
494.1810443794877
495.46465535959624
475.45045044817743
626.7067265555204
