1960.1718184226931
1970.056077020386
1981.1742064623077
1971.0511741127104
1964.9704620858572
1977.0663432782665
1958.6896881333646
1955.1498371336531
1954.1009783717536
2011.119725392825
1971.700098381265
1985.371820733545
2007.0100575129325
1985.4868270996826
1998.2646171144738
1995.3166357377143
1960.8603450154515
1969.496109621597
1976.4741989739541
1967.197017640286
1950.3929454491931
1919.3501066816464
1981.6480645464626
1998.4608356379401
2010.9285633873067
1999.599239713994
1990.374737031279
1954.4970980449948
1966.232653629273
1952.2410523994376
1968.070650489326
1957.1077725751732
1975.4583352326686
1971.7571733066566
1999.3525517567377
1965.5607962410568
1999.4170243175167
1978.805031056192
1998.319422341728
1983.9500035645578
1946.4804876835037
1947.361457966019
1975.2568064464717
1987.636728042479
1997.1478643539142
1990.302450786705
1939.6620943127007
2004.6326702080214
2006.7029639306475
1976.5865583215138
1968.5872560190294
1962.0689642397977
1992.7647444666568
2015.4764288744466
2000.5132377866835
2014.7672836247373
1986.2025096135442
1990.176293229534
1982.3288926843404
1971.1903241755833
1962.288111215465
1985.9441464307379
1996.0376610804617
1998.2602054987046
1978.5924979877325
1982.2388356755005
1987.8004064479012
1971.9568680452767
1955.6314608845769
1974.888008478817
1976.7380842920807
1966.518525611527
1976.5490661999388
1971.5359171035827
1988.6594154252411
2000.1639881172014
1954.2874099804444
1978.79091315782
1948.441200335113
1992.8377187150625
1975.6630669845354
2011.7063657396106
1945.3059741214179
1953.807317239806
1985.584300970292
1945.9002188837094
1983.654258601743
1965.426794630927
2001.9728570128016
1994.1973512931204
1962.9704883989282
1961.3811062275254
1959.7091266324019
1990.83446569576
1963.2963485743596
1927.769104461495
1971.0529209959923
1958.340971774382
1970.559179084125
1978.7201126287343
