132.2042769080056
194.08966328094965
186.43669542616988
150.2684032635968
185.7646685156496
194.4335950970681
161.23454872687756
141.2680766109409
127.68310111085385
94.49831742682429
168.81861487619443
133.79414829293881
305.3395722391507
95.62166038327031
202.00456273541332
162.1570178938856
299.0296396285636
177.09628481480806
189.36138196715493
223.73130215035508
154.91724681133428
56.91163046192318
187.19862816650593
208.05374347846424
94.20311051691253
196.18025486785496
110.10986993402126
72.36296570022077
191.43307965493676
224.8629515089817
113.0496360748399
157.43107917376898
242.08739244746837
153.89298364748808
218.19440702655228
133.98620922366902
233.50987143859055
181.33834913575882
162.71794093312835
189.6367549956651
203.34236002674638
135.1683315100777
202.58269909814362
170.1711146956282
126.12133380490849
141.84829337199986
77.90806141667487
243.50024462544485
215.2929595706074
130.7902113941156
