101.66768771948854
48.02506292899633
104.45731770261493
32.57388633654967
69.92522547987686
88.92111609895814
71.91669875143634
83.91413283065742
74.73344668156649
65.26214700894353
139.0194541104493
100.32010099254158
75.11705414428114
169.75937795255976
72.71706421871666
124.71349486457979
142.97272449304947
46.69783499243897
61.764007184187825
119.51332522389129
98.256006654684
168.9305841075175
57.35997959036627
248.49665024796818
86.78711464031336
99.05577258832771
225.58706937280581
101.33405545340099
153.61310753747898
104.34227364932593
45.99484442217654
86.83972057615085
46.50496168313942
142.84643839029974
177.42263889171872
165.85200462681317
92.63410635019937
100.58906430033919
142.79359238297542
142.48037590387497
60.02238206124204
72.8735028812931
35.49583655924441
65.8356352157848
70.47482658126026
189.02568813270756
123.3147672877801
166.82586881471593
92.39367463927141
46.054505850522794
