223.32226894968423
282.8854316455544
277.69298819268386
265.4969238439588
279.8505890319158
272.0218509432684
218.83957536285092
250.18504264772213
373.454733425978
253.6045205326186
185.05690496970982
217.62196736223203
221.8156184600251
248.91780314241277
312.7908744211407
338.1057506105962
225.76834215807168
266.81280539551204
383.9071571339931
265.44216296881973
290.765356413306
306.37488820784205
425.21541556310274
264.2775036417207
258.6820591505879
164.26390657550945
274.12433330077755
237.7422785096054
349.0227852865235
265.9383670799969
288.64237061489064
316.3656387302244
323.5225225652981
240.96885379333494
368.04614759873357
213.39071492900737
251.4377697230189
253.74914367681055
259.4692886651928
225.41655540499073
340.1866934190169
462.36765707709844
314.9392104748083
186.1698288048135
272.0445331969276
213.08075192151122
343.7539682761448
251.3916422248811
279.1107019265658
367.9026496712416
238.0498957291521
220.53168116882233
199.68828669173357
324.4218947123141
304.1573282619324
130.20469373610558
224.6031567573473
359.4782910069832
262.3621463986052
196.22615713334136
256.84334466073716
216.4576509434019
301.10768300957136
209.45111671595993
226.85123191146548
231.2689895204435
329.694108645508
288.56256485955686
268.06498757904063
114.02586566396829
225.97996214933326
279.3385272302627
228.64164058239768
195.77470562517055
253.15943182453094
267.7846759559939
254.5201520941481
351.6083551303754
246.28324520016278
300.2386597929768
255.7740890188061
355.3163173275716
201.376718617248
309.39793440459647
175.34299291784788
341.7422636550289
184.9527024904408
301.2862055307517
289.9543397132741
305.56713493313265
288.5779554340499
287.51629993931664
91.5329085364915
228.5812700891106
319.44122435638326
341.8972537259902
409.99101614871597
343.1036103646321
255.91230449403005
239.6803217071413
