3878.8379873561207
3913.5045332529508
3962.8269826742544
3985.0193207896764
3912.4223351324504
3891.2110161933088
3943.0395391475768
3950.7460749086663
3940.9258524432494
3933.9291589797313
3940.8075604113665
3963.2538261616655
3915.0584756125286
3906.4070824828036
3941.9750226449664
3977.3011772469067
3964.2015552819566
3938.0844063750233
3964.5087594125052
3985.27320304896
3907.4095319502203
3877.9922398647013
3976.269676771404
3886.404221088722
3960.7607314106813
3964.0633391113743
3889.453748627333
3952.6462791507947
3961.434966269216
3943.950190003437
3930.8210910560183
3932.3967671392147
3934.2533014947294
3903.089689294572
3957.080440734964
3843.976644005416
3984.727603113322
3937.3713915498074
3947.7772292816626
3913.08795537888
3964.0235321129
3959.1091919212136
3963.5141277507255
3899.7450741939824
3937.567576526723
3959.9054451833267
3950.854617831936
3946.240427177234
3940.438321773234
3908.9753723130943
