208.3826936602003
255.88902136246205
222.84480192201588
299.66772270933063
256.1317887458519
261.9312384730668
200.80412258309818
246.78477625404972
276.2878485780534
203.5299615089396
226.42177484992624
222.24427397029
326.9585777488732
243.8524503142752
299.53570062655774
182.78326693285598
232.42162132670558
186.9734636807749
279.02988080480725
195.74856104290615
248.76916368597483
263.25107189108707
243.72591526783364
244.6869027470953
313.8461867018219
240.81640303205913
253.7579270027451
214.26941272967787
223.77775061146468
392.2139691667266
206.72553356650022
290.48927926382794
194.72055222103373
233.21028444766486
196.12111008804362
185.34973418354556
248.7525859175914
256.6276912305956
211.67144665169894
204.52298867295585
401.2706581764323
213.7424002703581
424.4715357353706
242.78615999225147
204.73147763511523
309.2991470891094
272.85607083656623
329.7636093770589
187.24683729600608
277.97554402573434
