151.5690901136412
147.43447279651608
231.20066458597836
187.51155552921313
237.88634935007738
156.01799341023576
252.5994343149041
245.00778688650544
204.30970443831177
134.25705323214996
226.28825640353708
150.23977345144397
182.01119896976775
110.94057817033352
268.77217068707796
127.31583460130636
142.4313495271321
169.63789202694622
140.86156691214936
140.7344307496508
200.16589142755709
197.65505501945742
111.55822150478585
136.93241175512225
147.07422425729266
130.10780072959014
213.00594890788827
218.27242659200002
167.8156950494728
147.87185590603514
282.9379722608406
207.78293990685592
305.98933882692523
125.58869718146542
145.0587673959445
127.38429890756697
220.40834870049534
166.2862531859808
190.14321361041073
214.63984888620263
185.28942428963921
194.19717865018168
116.16165293767145
227.4289512162783
151.23940770654593
201.42638440452527
154.00469319672214
139.14313984984088
290.52154580236623
207.09661237794685
