7842.601654783609
7928.91554081159
7904.424751943504
7900.809889985558
7788.329488516441
7893.9017475887995
7903.190596983499
7878.996983515002
7899.6503786059175
7910.173259741225
7860.921706039637
7824.631059578498
7867.65754878363
7848.661926401647
7895.717424463801
7786.99424896515
7820.044945271373
7877.675860293177
7868.533336622858
7847.500093649898
7845.573079257853
7781.612324684543
7835.768651345772
7784.893678815947
7918.696733868786
7846.489259704116
7868.349753293687
7829.631198937606
7797.018672450173
7822.847418950972
