453.6582408992866
457.17519757975515
333.31908763255257
346.0919194015584
432.0256770905198
343.8548750532198
348.1910476507921
354.6405706389023
487.16141517657707
103.90419758850084
421.91474806755093
296.81542454378564
347.427243193581
297.1018848969701
307.618519004497
344.2851001966089
177.168942040797
233.47124741694947
504.295802538097
233.73881463126008
304.57724913777497
306.9951902705528
473.6161998209959
249.79956088898308
348.30369406661157
402.31542245611865
207.72545330971062
564.500323885489
299.8388987193343
302.81199869656535
257.58941835103496
360.38800716935066
397.15408752726074
335.61296128230725
364.44567469152963
335.1067252687796
346.2464255119799
474.4017472093945
384.0194672444372
355.99601045559433
384.319802396109
338.80043483498287
393.0443310987797
216.29439098511392
317.8719540759265
426.5182521863625
318.0822580331511
480.8142797956274
218.26340039228663
462.00142894396896
485.3556173384019
422.49736311494684
270.01666230415253
379.07344992345236
334.8543819369495
454.13018194053757
539.544772076714
55.41996157810155
337.5386305722015
418.626013908537
315.02214250269856
403.4767019897865
346.967889742538
408.58399743148016
283.08958795417755
250.41148350767426
342.4013813690353
439.8300345296081
282.15851657367176
391.09274416573504
370.5057128553035
392.8717015553405
369.3861553427613
224.81849687105063
374.4585125335283
455.16146788877825
378.9405410339864
325.36682575413863
320.59977470737533
408.3343378686102
268.41879904996273
463.4036166519912
226.98263997650065
437.49295321894965
194.8056289413745
370.78307548883936
355.7047223167147
409.8529428290217
435.89816430911924
334.5575099813594
455.19132637439327
567.7351382128039
447.4457849247275
419.18547746540963
334.9606555584844
271.6540674491924
493.56737305005754
406.05098253881175
340.8124855190144
337.27707834856966
