78.07735540204268
89.36289526640365
63.24323033805351
52.8087333090924
86.88915711214649
49.91069856695214
80.53742180961054
123.50232071320615
60.07761527984047
31.911723876372704
76.35358874153188
75.68710112789414
54.53637346907086
34.12460270856711
60.39175747991314
34.45096699649277
85.07417500725558
53.759728921454084
89.44384434979689
54.02768403062501
80.33546991069893
181.97945110676173
37.820274199401894
31.032688884856604
26.92535317860303
26.226939903654095
34.63497495158433
71.88369607937923
63.190346014872766
81.65356259815975
36.15506686120811
92.83861670444995
25.431665871650253
82.92439929865581
79.39788069251452
91.62300669626879
37.60017371351182
81.90197792538638
44.0067601177746
42.25879550564854
120.63250161923654
101.7047371795359
49.48745140280305
31.906772902033076
55.41207693721758
25.821640333346174
123.6642705349682
29.05978785829944
25.13946094983184
52.79507308248541
24.603788931372783
86.99868305212833
30.039116068840716
28.554268678202373
32.775888602974774
30.03705522945116
27.14208509686943
31.702188503625027
59.168484794059076
78.97377104455695
122.7033712042092
23.82645392567929
31.556955118345066
43.595427750275945
31.48435414761008
39.96175102540819
77.08123770698823
42.230417036350836
74.47234309892757
38.151336307463566
30.46088999115193
91.39582822871
26.24205599771287
28.26179996841301
34.48937228523968
29.648854979585238
75.62417378897194
42.46698456905073
88.86001555908103
64.61810037649587
35.489239098911504
42.87027109567217
76.7352116849189
69.46958778478776
28.5781355685163
107.02253085914772
41.08350543538229
62.64926861934122
53.141272348234935
38.41665579565136
29.058210024206
110.95157136968064
78.82178227444687
43.04691553103393
83.31883775142427
136.82466485077782
98.68317192186448
43.258400353762475
63.91945423779293
59.52725675540436
