248.3653970831786
163.19723279948354
195.2994664905418
208.40294678180294
213.00019945132487
172.22564439486212
231.61388641497047
268.75373850113834
227.50138535684417
179.53896289306445
173.84775934143298
262.62642552065535
243.13100906757813
238.33470739069608
276.6624292742741
230.46352436092752
266.1041972963069
250.06659639063537
230.37223394985224
233.6957627116228
177.42303292119468
198.11854048099747
362.52487285316465
190.5396866228224
324.1035977285299
169.47378049848533
256.7313977904371
286.6284802502489
219.31717975684805
220.36051665368686
292.96957679162153
254.80868183222145
129.21021490974522
109.24984754455572
256.62489129616733
257.2128120857317
232.49797052528226
318.653019937782
237.24088241231576
273.2684285509889
201.7483752115721
151.83417837884528
220.81515693782046
287.19921487885534
205.7625882572217
408.3257006319402
203.47310539144019
202.3012877584821
203.1913420911814
243.57073414149227
340.3321419425897
260.6173790747283
309.7574712283891
245.63721641980737
192.0767090760316
266.0610822089928
249.62969692827474
295.41347230061325
244.91565892929378
164.53347406983863
252.25067467029498
160.06313133039606
244.8587277793425
154.77552117051476
247.5777356611001
184.3267362508997
250.91448402829985
258.58586362172326
239.81813105075832
214.13547686698945
254.99230827747928
292.57310443498983
167.50796643206965
198.60777111168304
203.87982210674787
265.48985955925167
328.54245543464896
305.34346293093176
224.8905938470695
188.1459031962858
230.4443688100171
274.4052480010296
226.1886201080048
284.4527540157424
213.00978331509404
290.0528120557261
193.7939367917752
310.5127256377905
312.50130199521715
414.62229353045655
455.5552370638216
327.8034974126439
207.7677369547036
240.70838188128835
233.92388450074012
277.04135938694435
269.93167513313074
239.87919261790756
262.19978125021004
186.964930601602
