877.5817267301256
989.7499654706186
976.2936840395084
959.023085592952
981.6009250901976
970.8947785362008
978.2389165803007
975.5051339153863
951.0978348016511
937.7798005015916
944.832983177499
935.7824708520754
992.0364562758915
978.8071993100795
975.0744688020503
967.3285884844843
959.7934820404436
947.0970663360703
969.3758935160237
973.4457081544581
915.5064948056795
965.5434829525178
978.1893849874227
983.4251504532837
979.965619266381
920.8673821157566
972.8853285278835
956.0126283403961
976.1609477831585
959.430796258751
965.2441330691995
972.2577462554415
914.2477094388441
988.749671856266
999.9555958770474
975.5375228506068
981.5395931291278
938.016468220877
959.3355821084061
919.1671913021626
935.1620706723467
995.1577710800341
963.297236909888
947.3653584289715
981.0097438951717
974.2923585705462
948.7095201489605
992.1581048861123
969.7057402953573
963.3977834210077
985.2364704362236
942.2705795769789
957.2028316300209
966.2677175768587
981.7525501262363
946.3723642204175
977.0767805936302
936.0825977486253
997.1215315524234
987.1564031369231
919.6116158319985
987.272809761525
971.378041974292
971.9340349450076
961.9452947369244
959.1305805229356
991.0437149944472
989.0909212167461
1008.5478277372356
977.1503503158624
971.5165874000274
969.0683688703921
972.3302704860364
980.9234969536183
975.5523159521128
958.0779756138711
960.2139282669507
980.1044399233435
965.7683020088625
954.7206253081258
960.545408067153
990.1985858746599
988.5394322797413
974.5910242539065
960.052112299617
986.0603579666429
953.6591732025485
978.0786075776858
980.6045507153766
970.4367647426096
919.1498036160255
948.8385499048748
944.4772487444145
984.8821054900512
936.22582234851
985.7767770346355
960.1074904557726
975.5471476768256
951.1197285463402
994.1866212315507
