961.7508261752641
940.5810277132102
955.5825631996388
976.1400925781971
948.1403808019963
973.0229581547813
960.7728900570248
921.3478421531407
985.8214063484058
956.9685507308022
951.9463128772031
938.9410781385608
938.4535690179966
980.3885701917503
941.343625405613
970.232397265793
954.065479977293
976.7441614569489
934.081956676249
978.775298329089
969.2715846401079
898.6704422115919
980.5316612541355
970.5064754772033
962.1460834340903
974.173820382352
974.9902880171367
973.619205875626
970.5770003558542
966.1053850024026
995.7742826494659
950.0536107203769
999.1099988956812
945.3184273946877
921.2495675507478
942.8161970626744
962.9828019689714
939.2929910184215
957.6738175404973
973.7912009297936
932.8870106972597
950.933804854445
975.2557421507253
980.4564990554879
947.4400587088683
983.8759088799487
936.6736351523311
966.3075419336792
968.1575751195207
970.6183685960008
1006.8089550495978
950.9323527080741
977.1961394645025
955.9693024473511
966.7108736103418
955.1956611458115
986.6554052895864
978.121518266841
958.5026225216005
949.8359047798597
915.0085175803257
990.2293996435828
972.4053838011932
958.1443667510194
989.9231478646574
977.7994132990914
935.1183558451106
985.8127149183725
969.8961960164955
986.9606552137194
992.8010257167674
942.0856461597631
997.2088778023483
1000.2022829280043
976.8512122895191
970.1871569032133
970.0884162305837
978.7421022731294
962.6987841058059
942.5441809084416
988.8476939165531
945.4233631647172
977.9588141936632
976.7230949754062
985.8375634611918
947.0772502571429
975.2622359628746
971.9239367497319
944.8858706389635
967.3859929112283
1007.9713015768658
927.667322402794
961.4690910931513
966.1186187732061
953.384813674216
935.4062306877271
930.2639070821432
998.4006278718555
965.5213666780821
961.7526306158613
