22.985806173178
20.76446638021783
96.1903355997708
27.94302014826821
24.056089181475844
83.62408607798857
60.976102406397764
18.343274216591457
96.17380177022075
34.640221084448484
27.772529944978377
56.899284222826196
37.82488193196485
35.789739898468476
160.85176008909443
27.258630458250366
75.96618282225155
27.279999648758036
25.468404763286117
22.403818853341697
44.57406941619867
38.0605967928135
102.02713448280808
57.63563803933577
46.293340459269686
19.374365548157844
42.92046062792264
26.617392557993703
16.92106232941147
181.40455860564307
46.28832722246574
29.490596981535298
40.465560767922895
17.04894726122804
21.421126576195633
133.06497454267705
19.297413193761315
60.65971375692804
35.66689953266672
78.2322192680418
19.597082864714963
25.49509964117813
84.34281895424412
94.9566336882821
83.93264103890024
46.495266693993884
64.21338389681667
19.524168214379173
155.19942814740088
20.924214997891408
28.062704646668447
65.02514208838352
16.99199976767877
115.73339578408259
70.4520899700353
39.74676975607851
22.851623942019987
18.502004255591146
19.538642709354043
39.83977813317404
26.918063936818864
32.63996670126018
44.55338992741737
58.960142926662854
39.94136509079283
80.84519343507853
22.591653402523423
43.53154553523562
28.631166983691912
30.698606023262112
19.412205860097163
19.558013079745013
120.45481573492836
94.93379142671462
24.845364159785397
70.48826060755437
31.888597862562502
81.64337438069573
28.807449477326568
94.72271959479079
28.01103412579286
49.34773135379792
49.18061167584605
52.770924076036096
29.78948428493091
37.85834004289644
43.94857542250479
41.63563617590699
19.93147792086249
20.329605900961234
20.133275386776884
27.881081083091466
28.292872157943545
27.78382970187203
89.11475638530686
47.84506168055796
49.411655734865164
73.54943985446707
119.62717231157593
36.40150011437245
