3906.554867465979
3954.149698639401
3933.4627355114485
3901.3373983093475
3943.7127636415617
3996.784530622975
3945.2903349748794
3908.9949736431663
4016.5710809311313
3881.9649118125244
3933.797215961142
3981.7242524803105
3877.458837825259
3868.647945878923
3953.9967863169213
3961.1723181877082
3975.6741832995267
3972.9525624032694
3881.185026040972
3918.8595881233887
3876.4801831924674
3958.1037076410757
3935.233239037379
3914.5900031382484
3922.7069558338453
3935.1040186046316
3869.573224874367
3937.581921163128
3967.5287241349724
3921.627149355658
3939.139558377
3950.348439192905
3889.845373901322
3949.645279179841
3918.8662841017835
3937.2820930812213
3900.2229409208244
3900.3183129944064
3960.182798274428
3961.79113513176
3942.464274433604
3963.5671535723336
3874.396766261843
4003.2126112340143
3976.385363347174
3950.3287430887694
3875.748042062121
3959.7401393396995
3854.37588364449
3983.4525673260932
