1984.0450870007567
1988.1825245361322
1978.1413487410796
1988.267879580428
1978.9143321127156
1964.8848148558686
1971.093592726758
1983.0431413176984
1976.9411072910527
1989.714102692419
1995.7118658515012
1989.03480251587
2007.1745176303798
1994.73308419228
1929.3782234366602
2013.742410802153
1978.5605260910245
2001.2545499659432
1980.714623333516
2011.3702394752368
1987.118694120509
1991.7287718586454
1950.1951786264103
1967.3008888768943
1992.385123909723
1974.5790313474652
1981.5791694157651
2004.2199246253429
1985.9811174611787
1895.8925620130008
1992.5874200255669
1992.1743145324915
1981.5835540951143
2006.4979498159964
1983.5288665573487
1917.649605416814
1996.0672152605198
2004.1656778848278
1970.2565078935665
1977.5048193964096
1981.000754094929
1987.8832156596266
1958.4332769373893
1943.097813968202
1965.2499740215683
1983.1234550987915
1957.8421189930182
1993.5717654777336
1953.909426509601
1999.6687396423997
2000.2410384483317
1970.427318246277
1998.420916146629
1950.4218279281542
1974.2308137131993
1981.4369229973945
2000.1751428319421
2006.2436540360302
1982.1870974465937
1965.5500697655875
1993.2686993604373
1977.9040705457444
1993.586155850344
1987.5857388200584
1981.066759450893
1950.821132289191
1966.8083378282258
2010.2806940979865
1996.6592225260645
1983.5182613115285
1992.621743715497
1973.0662735142512
1967.2417936077566
1956.3612330050307
1996.83415877809
1977.9493307967423
1991.3345702274544
1971.2082537375557
1984.760041217365
1951.8097727550269
1997.4650748343197
1979.836056488485
1984.6511649587064
2007.0862252655586
1989.2458608240556
1984.2286592174269
1998.972215536592
1989.0406108872048
1969.0904428062847
1986.9164686941117
1970.9361354800926
1980.325581971782
1991.491600457159
1999.3551492434024
1957.6592592870363
1982.6844028399464
1999.9243316318352
1941.4567163574675
1968.8868300976094
1996.8769520780816
