3901.4550380385135
3986.718479249009
3907.200914535771
3979.71936992883
3973.925697921425
3962.3398396501657
3942.7120239902015
3957.8218764355934
3854.1489262786017
3961.167804466109
3978.128797272121
3966.0856535197076
3962.4339052900878
3943.0606803476203
3960.660817533673
3891.036522082929
3936.5455833623096
4009.207143179207
3938.938078200361
3944.1964606242836
3877.5155746791665
3994.1134235922377
3971.0641824448594
3946.714693265762
3894.668216274215
3966.0076862685046
3964.4757177999886
3961.349566358732
3932.51842317692
3949.3375678239026
3995.600574636771
3977.9664378450466
3966.326408019214
3919.4505788389774
3933.909879232959
3993.903082851696
3961.940257944278
3950.555515997857
3996.65223630943
3962.6454435725473
3973.6764152048527
3985.9420531575115
3915.651421404406
3966.873008083849
3998.4337609118143
3961.66034651039
3975.166282008785
3923.1174055995266
3948.802605159743
3986.364493146517
