908.5354809948408
757.4546824983506
881.7325298195746
848.7254865867176
1094.489880032619
883.9173653356719
959.9618513819072
878.6718145420131
928.2457280587263
912.0624250055758
755.1077110350492
781.1939407045173
881.1263288309707
659.2345475145238
864.1881845684908
853.3063005486717
867.919756930073
910.8868714872455
895.8007504446649
863.6362933972999
1066.8993699820294
950.23981877563
714.4143165652833
783.7524441877222
873.0357461513267
738.3047174030451
767.2086047707982
868.2747641082052
814.6881852205386
805.8261865471397
863.8882472963818
1049.3399595119438
677.2409817201619
1043.4028403976495
988.8934292436105
1044.4271487022636
975.5834936429301
801.4932135003864
1088.5476093759241
670.1874391758721
896.5536381776221
877.216551944987
753.4108106603219
888.8479018253302
885.9583853630145
851.1766935037692
897.5389536757201
918.5044185359269
761.5383940258332
885.9209689827386
