776.1954521368725
857.937930003788
845.3741297700265
945.3410992644698
771.5580478772854
883.0689429985182
892.3328980213639
1139.6659230923854
753.9796090943527
829.5107972898157
736.9913440366057
993.9918359693419
682.0130064460227
858.4395509942989
844.2299941236598
911.0096658096045
940.8442425680041
1165.0425423583483
763.9930613461312
700.7125358119561
1043.3447452542653
896.6011758283735
583.7555854543448
1054.109712999864
946.3719635409549
902.1185576798927
760.3476180133995
916.6723378625385
949.4008270147299
835.7009718541791
638.6405408007232
940.7578892836535
555.5026642689361
799.5401731303597
1046.6169534575893
1017.6618031211235
932.510525094286
817.6128327769034
808.4907146656803
1014.5195396797154
986.0764591276311
1013.8161581395943
954.3147187234262
624.3278823214692
828.779640898839
657.7578653459307
889.7087818235112
1074.6344243032054
762.677753104814
759.4747674823072
