160.81804921128287
101.27699469016582
135.20215129175492
156.8181380027154
146.73514696732147
103.07378922390687
65.37239774516752
197.77394845298198
100.18333682850886
216.27399162044455
103.57542883735516
61.98140263802595
332.04678141491945
329.1124173947721
143.90878044582925
95.84554620624563
126.32270522290503
120.99193630867816
152.34128285220714
204.16043529821707
297.2605682343137
83.84150142874213
137.5018316026736
190.6633036574754
193.4234545307868
188.83203538572772
287.6924275542457
214.73509622430961
82.51449275258427
129.15155289851785
129.47791299380884
119.53841452529835
261.43068317619725
100.63580436031064
154.684296439765
118.19462802126532
215.59024924028327
188.05345728308492
69.87457470615232
83.18148246229931
105.89282190365347
83.9665587793686
197.0990586162632
84.66935244811626
73.12674194909069
116.76340475684543
279.8762680592094
136.0067354664117
317.0190793581405
73.29040784935647
