1921.9931858224174
1977.2678738198579
1981.0773465613845
1956.8070433980579
1979.2863853586236
1997.6362882250787
1961.6699415647854
1983.5512334432144
1992.0388906560763
1981.270774839938
1966.9008860262445
1990.4163319130907
1965.258322125244
1987.2236416578405
1998.9525403305927
1983.5052156598867
1948.166898157644
1967.2928158861364
1953.8894845601249
2003.5874538261123
1959.351709968436
1974.7598993436195
1995.8682812543263
1984.8270926031253
1981.4087881870341
1970.1227021955392
2003.9220541324905
1948.0635414715343
1978.3868229000907
2001.554765275846
1993.9796307373551
1990.4622015059258
1926.9308956089205
1953.90927346412
1969.9245976224342
1978.5828917972724
1983.0268098346369
1984.8478993934748
1990.171267108986
1977.6270170306373
1967.5378993957618
1971.7813516991112
1934.708439282344
1971.9076645460775
1991.7036491823424
1978.8337578902915
2003.0758359396425
1961.4855394312772
2003.8758740962253
2002.0702383449761
1971.382818628355
1957.3952893686799
1988.2537115353857
2003.9640274599126
1969.7095464494018
1989.7066824299866
1983.0064226438888
2005.03476516654
1968.988331835554
1969.7153122405196
1975.5055161687853
1986.932898239135
1990.2186600966495
2003.2270536911892
1984.420110249471
1968.7530210450877
1982.7947047333887
1981.6036387878787
1932.0212818274524
1984.6911486315016
1957.9017659635524
1999.983291990097
1960.7938705330523
1981.4104009305604
1990.4644462908643
1974.8744086092445
1992.845115481506
1966.642811771241
1990.449004527342
1942.095554966339
1940.4624449043215
1977.9912556193397
1984.878545336653
1996.43367664033
1984.3596847823753
1980.1781937703615
1990.2813400247487
1996.427897187778
1996.5513113055988
1988.5768151745956
1961.5818688336547
1944.7247080496513
1977.9179723210939
1947.6346829720505
1956.2375719188442
1989.7989860769958
1970.354555558513
1979.625152115507
1997.597055811886
1974.9465908180996
