348.83888780296326
464.1219076163068
459.72176069842334
381.5471024610503
454.8162133382899
479.43927908872405
401.1627499086048
385.240934772866
451.696257650959
447.40891753541507
447.55392429480474
305.71157487554024
447.4288033722584
316.9693795834902
519.1369705450461
418.57888626155625
420.2616531483961
514.3596728345593
442.2503892433526
487.8976798848751
486.17782812392903
413.19710935686066
242.3893289616037
369.12389933372697
438.30350861935017
409.50717093389744
374.15257411707364
332.97532910271906
418.27986736269594
407.9764740001563
503.59259176417555
460.7368535530901
498.6903495839724
533.1265786742963
466.7213637997729
452.5572090638957
373.53724388726033
576.5231127797485
389.3391310649028
403.71491635938975
436.57307892108946
606.2803166214994
481.50166826148336
408.7333209426222
406.37619218316036
448.86549853135625
347.3101331369204
421.9697093704192
540.46713389026
528.7863604001728
