693.1971252805947
592.6355431633008
555.788403068161
627.8712316074761
765.6623102985641
467.3911586530699
621.923151952722
511.08414447105434
586.9496239579718
633.6026726783093
668.7305453398142
410.78890820763354
647.9948670318594
589.6283294386003
761.4886088254186
676.0602669714738
465.5551671590163
820.1512270380299
557.0819483680763
608.4233439835065
635.9281064668545
511.36291643792913
562.1041873870055
621.7513141345214
593.3303747390638
628.1483698758099
591.0152017769299
657.0521900029255
538.0800966167261
663.6730609494622
625.8323388778349
624.521966591062
647.3454071281803
730.936750736372
562.417443924393
542.1313494281002
557.1323246185211
655.9166295913079
473.3604853211864
670.3936084160615
677.1072506315628
606.5094597754894
587.3124634212094
520.6921768378504
590.9891349919556
596.6655751884646
576.4718137910497
531.2724804504417
502.18469570204115
685.1504723965497
