3923.9691224908715
3992.0857241119083
3944.252000249189
3963.356853659392
3966.026179231702
3973.2595913179557
3923.2469383538464
3951.268066487619
3913.386169469871
3978.572920277846
3983.025817056182
3976.704689699854
3986.470960722411
3930.228205985187
3996.797466845246
3919.7060899683397
3896.153603854084
3949.2954511035855
3923.04248731777
3940.024522051119
3906.4816338223127
3990.470475577147
3919.753074007977
3975.369544691134
3952.9142732924565
3978.7251641758467
3937.1492535212196
3954.3311921320574
3863.7637138226582
3983.4813689080656
3971.19560953156
3967.691001735521
3960.5772158796804
3984.5187316600304
3926.626147556684
3914.130070206352
3965.7047858545097
4019.767045417002
3957.001512661554
4008.243583358881
3976.86894055007
3913.2187144695586
3934.192046819288
3948.8499894983206
3958.4294998638293
3955.640699797232
3986.523610755954
3950.58559578054
3948.314763594405
3997.1962698082057
