3976.0539958161694
3915.3643900864436
3924.178485847039
3948.725044398235
3930.3540908997243
3887.5664321632953
3930.205482166795
3929.1779326345386
3937.0038122558935
3979.7455216828957
3937.5587992299725
3942.6569813333263
3870.4367939055064
3963.302757251405
3915.1539813010145
3957.5024150793984
3865.727283898969
3929.5376535545165
3924.381023015105
3875.500775855843
3945.8538046638537
3980.7715029840365
3935.2428208105557
3916.8817871216906
3954.1709454879838
3897.968636755666
3961.6263122560263
3937.9786813421592
3935.948555940596
3929.057917216863
3926.4405870012156
3918.975564518339
3860.2926045973213
3925.7818237087017
3921.366815398997
3913.453652941938
3872.471101057732
3936.4961640107053
3939.407119060977
3895.000577878513
3878.5910608961435
3922.7873093959065
3891.220700485383
3924.3545434031053
3958.817700281201
3939.835044157323
3952.511462492267
3891.2750007820346
3884.134189112238
3949.989602595607
