992.9691068260653
991.05300908365
925.6683156591496
983.7891002713038
997.0295787058086
951.4910990661429
967.9303048668442
998.6135844657101
926.8850909387265
975.6456762231326
976.5156042035204
954.0659132613038
955.0006004376553
969.4771759092514
909.7700164742454
958.9989587395967
945.473291086724
971.4654503852988
993.8169719031978
966.2259416714215
968.3072364632924
970.2106313485411
947.7776868907816
975.06347308377
961.3215356310074
1006.046603104377
975.5003699563122
969.1626828166634
997.0978202094099
922.7028793813562
961.1242527519673
978.3350884859732
977.9508851369628
976.4531029227755
995.0500068664556
949.2854200405089
984.635371545719
935.1746083582442
994.0765925737667
944.2629613355485
999.402163040356
986.6216846991953
957.2239041083666
961.9455523435159
950.8173849395315
970.3812782072146
977.9444971101651
986.9040663078872
890.8911453429981
979.4070453597088
971.6962569049999
964.5475396653394
984.5870840856923
933.8447762877631
955.3170963167654
978.816307246527
976.9732332260379
975.2543417083787
998.2742598440523
994.6101521012384
979.8132367027439
989.4559627529954
961.8604542222386
953.4541182532787
978.9918754583142
968.3336742757306
1010.6000087692507
946.1877603667779
974.7096104902437
985.7831326652095
987.9660504244059
1007.3757134060038
912.303390657315
948.7049755682547
978.3204770621245
951.5624085957033
976.7768319099831
947.1483718817486
986.4325093053085
953.4675076501824
974.5238910398874
970.8162121577171
966.1682233654475
940.1428506584053
980.9646548910134
977.9130007396767
957.0792090409032
969.3237529368882
1010.9780792728528
992.753925404927
1008.9305891331305
991.7933369451266
980.2155273848975
972.8610210547256
953.2259843276568
969.4705354794957
950.6640126332996
984.9938437880654
911.4859975908147
966.721547807546
