279.21002595779146
184.66565128270145
106.97810538264828
86.98903173387181
174.69601023323324
253.26390593968597
109.21992775729393
135.66862460473885
118.884021103122
123.61405515439623
201.2308349292494
126.74514942995236
178.87083529449862
196.7511140084184
158.71149024195702
141.6040699682991
77.44347261334883
102.10124313823864
164.00736992872743
130.47410413494035
212.04066818744147
242.6780919320081
91.4479144705431
275.50965894825697
128.72553167086343
119.99321498291872
201.6400801377955
128.3861474661696
113.26909556122231
109.65699207190136
144.14696113842894
221.9600186749424
129.07935000420474
193.65914917756737
125.13104006763237
291.7999966434091
86.33510175986059
254.97429449241753
154.32380027522362
216.68560047088582
107.7022856598394
119.58868744506235
89.89957032361572
217.2893722367235
122.88480015583208
94.69160806525993
107.0513194142554
113.47776372925026
168.11767342232895
152.27991386336672
