125.5597363912593
99.69016585504643
274.5903682267695
162.66484560802758
106.76942419101809
73.999853628758
122.27904759471136
166.76662710406242
119.88758703024763
195.82847028942115
58.87302520203542
117.41455512309892
47.21392044778085
106.84175663296101
212.13999657720845
60.80690650276585
135.67915076132698
128.78531201573406
132.27720388500796
80.46500227617773
153.63529356815462
54.66895251976427
96.91119094608409
202.39129781882457
204.0275961016952
75.91475776254624
182.1274321793934
145.51673193803612
51.474585227373424
294.3453230838398
83.69950856548776
155.88634133075263
79.41973505971548
197.19062255013444
112.485896316443
168.59396265030819
182.3317411758018
73.75111927575416
101.78899255038213
141.85165939578846
147.64473323539204
124.66983177413815
34.846969629844295
84.6260281587643
56.78541177322918
89.8406254148492
143.3887223885338
166.7430627619187
278.5285155804093
59.77284789834711
