3907.4907550677985
3943.567025695791
3897.889539331734
3943.6143778072365
3931.457673490162
3988.2128758299273
3899.977043884282
3880.248349214343
3939.1998015800873
3919.1301377586215
3932.6816600597194
3962.9666953029355
3903.2285573841596
3921.937411661426
3871.0281644043857
3892.18397022569
3968.4510226151174
3910.065807040945
3931.08404995599
3896.052408199922
3911.777081910167
3902.2583388360486
3934.6168782118957
3941.933261700062
3903.843756993493
3921.0120228008304
3903.104428611582
3895.781773251913
3932.866676031203
3869.749030426216
3866.7418832508783
3931.214142855665
3947.1526151410017
3922.9283902595203
3950.4289869492663
3921.1138525233328
3870.2865993769583
3868.285977907228
3907.777419723378
3925.4639890158396
3897.5162437488825
3904.1438782077967
3924.2417710761724
3934.364395540268
3921.4295402332837
3941.7395938738136
3955.660833744666
3856.5920426905473
3870.797945456881
3901.606831504353
