213.40183504009505
173.3766146384782
232.1621860876977
161.6562480525834
156.51061015077272
146.08662347130306
172.59049703400484
229.9901041055456
180.6538383825067
192.2223905751503
144.9746535263213
152.54367093866475
233.66034674288727
175.01186025056927
299.54702634984477
223.27614731580366
151.3443286947561
154.4818342925373
157.35058507483356
196.37106212763197
154.64451009434902
194.40578965060993
191.27151909959545
215.3678671776422
224.2333611301472
197.9634911386692
175.66869196233756
172.15314789819718
162.51569565271578
215.91599111462395
277.40920451079785
190.69875217051253
146.14444449325563
219.7590124788579
194.455806025984
190.4244023437991
235.96899051269767
248.9831333944967
271.17433028008696
191.02862268056538
161.3476165801498
205.9739223569899
212.4384137081673
166.70803056451868
175.74866601099725
145.81360168180007
185.77355182126894
256.6352114740311
232.97237564121582
241.50700270625305
