3884.5803266523553
3869.3620094522867
3863.3872339474206
3835.1286323189274
3866.0391451634728
3879.3667961317606
3897.2595306222374
3899.5387715681068
3853.378099394717
3905.5165019396222
3861.599288791283
3880.732604308664
3898.224489924906
3869.0606989045386
3865.304159837575
3923.988947814422
3893.6579239390253
3916.721761205823
3882.292955372651
3896.0439857952115
3894.692942419301
3882.2635362798114
3875.7207659190026
3872.140671301348
3837.3648031017738
3917.4014061081375
3883.7135693470245
3915.9898058621975
3895.073285906912
3833.2452080979847
3904.7380470747553
3861.4233836553412
3920.2511888495137
3913.8417428250546
3910.722991176406
3912.360153071951
3888.33352642501
3887.586551981986
3887.809041569956
3908.381773149434
3849.532942389113
3871.715855115612
3808.0316599865305
3865.747766852984
3884.871833323076
3866.271527952802
3890.2663587768648
3835.5639040365345
3917.5673310498705
3862.792299351375
