3965.450993369487
3941.2794469755536
3909.4122850353106
3888.510202090591
3900.089018805143
3950.324388415994
3874.7181063441494
3912.2923901190525
3906.1181335662495
3952.183024517597
3932.7482303776355
3955.752021952128
3951.5824039700815
3959.9581400004085
3895.998691051054
3915.7916191892286
3920.811459453927
3901.1698272931753
3917.8738163910393
3952.0300706075354
3891.9399715113705
3912.6847722772036
3951.8746449783116
3963.321521418433
3953.531592580181
3963.9502802946054
3892.653421690043
3887.492325655334
3886.673671557495
3958.6146973991354
3891.966301902071
3920.7864378619875
3899.7199514199724
3922.2326438629284
3943.7962050568576
3916.8308616133577
3930.136634088431
3934.5923681567037
3925.0543580425833
3900.87401312547
3929.0245877046523
3909.187879212519
3965.6255463073608
3908.445231660764
3934.9075706322965
3917.515930915644
3953.5505289184116
3937.809121268832
3863.120024776672
3921.355616799609
