3920.67944498516
3972.9367316922694
3880.581242082148
3949.755847849761
3942.5708230591113
3976.5223623155075
3928.1071639005345
3919.1832093575304
3926.7874059027977
3906.609016027906
3956.340556965858
3986.10646248464
3987.1887764597814
3972.3738151437483
3893.3009416563746
3955.4935970157467
3970.7956869802283
3979.6124646370627
3933.3142628273768
3990.9033889416796
3937.8102778202942
4007.4929229812797
3958.510573335896
3889.096115284816
3869.6626527349
3938.784523897656
3916.711514741797
3921.5097689778618
3974.569992064021
3834.593248369094
3962.1580048105047
3935.6836791499118
3938.3017381765767
3914.148989460386
3940.1263241675715
3936.9264396842095
3895.9969567766802
3967.7503434980827
3975.6292916591733
3955.076390916036
3923.8770965463113
3950.5993073680806
3995.2073815172243
3972.8002998586817
3989.2488452689295
3987.660573651989
3929.866021365315
3927.1232478485185
3876.8927538428934
3961.632787270244
