270.5211830181491
281.5994718902499
272.96770628946246
272.0646814207317
455.9467317495683
351.96545206546114
203.4639300722796
271.68626988721473
189.2076594784872
269.97406540967165
407.19806622674764
368.7182187119028
244.41502311154295
277.59698140111317
298.2774570012829
446.86243069044554
339.3765342817622
262.95994097796404
380.3332819079884
365.12432509608175
308.72702984294466
445.8939444967441
367.5548566802356
398.4317932636776
336.1816234492061
368.6105662447528
345.028254084038
294.01471646713793
393.78463365874387
357.7681299190479
